$ANSIBLE_VAULT;1.1;AES256
37386138656530333161303036303861346266313733326239383863626539306134363031316431
3630373636623634616366646435383932316130393434370a633133343231346466653532306533
39353662363463396234323839396436326466346335623430373332643339633864303563376533
6430643931616136630a363439376531646265653963366537663932616235393539626531653863
65663039396266666431313332346461306264663538346265386138313965393561636136653361
36636431633866643464333633656165653132633061383335386535346165396334376132393633
66353738633562376664616565336561343466393264333237663064376562626163343332633637
62636233346536383631633232616337643566393664633437313936396338343331396131343737
66663937353739343461396562663338623939383330353961633765613965396137383734313939
31346632313061393961633630303462346337623164646561646437336637366361613735663031
62343238663237353632326461633836646233303135616534313535356266333033373434336332
36313836373838643437323532326139643466326465633136613030383265633236323036373938
31653737383435616434666463383236393362396636386633643462396261643634353537303666
62346431383363633537643338663738666366323839386530303433343635623866656233653436
33623738303334343365303963663164323437393234336262363634303430356235326138303862
37643439396435613430383831623939616234336231396630326636333563396637303661306433
62643263336563383439386331626339613462306337663135383434386535343932
